105 234
1024
279 114 92
2887 60 214
5779 43 101
4945 102 238
5206 105 98
7116 115 123
7367 103 196
3452 106 212
1058 34 104
6285 13 150
6749 50 173
3215 30 49
3649 16 185
647 96 234
9581 97 159
8126 30 168
2636 49 74
3238 101 255
3824 21 242
311 42 234
5707 57 86
5481 106 127
8639 72 139
6184 78 275
8407 56 217
175 95 78
8431 23 4
501 126 270
7038 111 190
6243 26 129
960 10 119
1228 81 3
6357 67 93
491 115 276
9273 68 20
1590 33 42
4979 5 213
5373 18 36
1526 50 77
4301 119 38
9618 21 16
8304 94 109
349 79 126
6953 61 12
5766 18 98
1731 77 24
2098 56 173
496 79 137
5041 17 104
9067 114 236
9928 88 56
1857 39 1
28 91 19
9202 69 277
1831 78 180
2701 57 111
2360 115 193
2160 83 163
8149 81 160
4135 117 164
9900 89 265
5491 82 231
6595 96 259
9635 70 269
1699 107 25
5247 63 119
7840 113 85
8257 82 144
4845 76 179
8602 14 233
2897 61 173
4557 86 172
405 85 75
4471 105 123
7989 9 211
4632 31 246
6417 3 50
9405 73 251
2113 78 93
4411 78 4
1791 88 269
6681 68 183
2136 13 37
1507 2 154
8500 31 69
346 94 231
3782 123 274
1472 15 118
7305 81 203
6545 106 144
4526 59 1
3226 36 244
2504 80 121
1996 47 19
9325 112 91
8653 41 248
3456 124 44
4687 83 258
3407 72 272
4109 98 57
282 33 59
1598 97 61
3770 82 109
8260 54 152
3908 14 241
5427 37 280
8744 79 120
1419 2 159
3629 95 129
1593 79 104
7494 32 45
6831 101 219
262 62 154
2856 33 251
4099 37 50
8620 99 270
7446 24 276
7700 96 2
3994 107 261
475 8 240
1959 116 192
767 70 159
5737 114 123
6516 87 180
2791 88 276
3602 85 184
4607 39 217
8270 37 34
215 119 121
3225 100 14
5759 119 262
556 29 244
6466 9 274
5848 82 20
9940 66 27
7861 44 163
3363 51 178
4437 79 26
4923 36 33
2147 59 217
2286 82 118
9001 104 122
1520 12 198
4022 125 103
3018 17 257
7981 82 168
9399 47 275
2145 116 29
6447 19 156
6736 36 268
9305 53 220
5912 79 132
685 74 128
2613 56 5
6280 55 174
1561 89 245
9127 55 140
4660 41 238
1822 100 132
5360 41 229
9938 94 179
843 8 84
9380 119 68
9718 7 7
8850 73 211
4219 56 211
5226 86 145
6373 2 150
2899 90 131
9022 49 1
2469 72 2
7916 106 106
8146 17 266
9865 80 143
4399 61 133
9740 124 222
3361 53 224
1903 22 48
9173 100 148
4515 69 61
9749 115 24
9423 14 170
4099 101 255
2528 94 223
7920 2 274
2754 19 236
3651 93 4
5166 10 129
9195 10 73
8553 37 40
8974 64 277
4637 7 44
1110 70 179
1816 50 49
3489 10 22
9776 81 101
1003 96 33
3355 40 132
5314 39 273
5698 38 180
2036 111 239
4425 115 140
5116 51 3
622 36 112
91 28 181
161 114 212
1681 102 158
3453 24 171
7975 50 236
6303 34 89
5189 16 68
9866 87 175
6817 80 112
3149 12 238
2101 63 145
6333 103 192
3638 39 3
12 88 127
9851 102 153
9328 71 81
4718 124 77
5113 4 214
997 100 117
202 42 64
1518 5 96
7431 45 97
6615 6 60
5992 18 100
6242 106 62
9736 112 242
208 37 97
7775 100 218
6093 95 158
8799 32 276
2101 6 172
1867 123 49
862 78 82
5857 70 83
8766 44 51
7134 115 222
8736 111 102
4017 46 6
6110 17 34
8872 111 258
4483 63 28
9001 76 49
9558 74 170
6592 55 96
8081 26 233
2693 115 231
1728 112 14
9305 103 191
2816 28 255
7986 52 256
2114 69 166
9378 6 222
4900 51 242
4522 70 6
6131 102 66
3765 81 17
9783 9 49
4506 1 47
4284 38 160
932 69 35
2874 40 111
3875 13 133
9277 53 54
8846 115 61
1719 60 205
3475 112 147
9387 17 179
442 55 269
4417 102 171
1449 94 80
2463 88 271
7654 82 208
2141 18 257
1005 113 273
8267 22 275
1206 125 238
4213 97 47
9299 7 180
7278 71 241
8462 90 136
2901 41 271
2603 82 117
2109 48 172
6252 93 176
5899 28 144
2067 67 132
1582 118 170
7244 65 185
953 69 129
8487 74 38
4191 37 79
6978 38 263
9051 72 189
4384 106 100
3948 3 165
4451 73 121
9792 72 85
9276 111 48
9731 106 251
2421 70 44
6857 32 5
8231 79 217
6697 118 208
840 91 164
4493 34 88
9795 47 124
9104 87 93
2741 120 63
8903 62 268
5176 89 169
7837 38 231
5370 44 27
3170 2 17
5298 81 119
1175 71 50
7658 4 172
1630 7 204
3084 65 136
779 69 152
4061 9 208
3727 122 36
268 51 96
560 62 240
8955 120 75
661 122 34
1926 80 278
2384 34 159
2298 66 124
8094 57 68
7751 17 127
9549 84 52
7175 46 58
5702 64 54
485 3 159
4536 81 231
9807 100 255
5767 5 253
1870 24 100
4111 8 181
3573 67 86
1426 116 247
2372 106 3
2933 81 254
4681 122 69
8086 5 39
6378 126 65
6644 38 277
6201 22 257
6006 117 179
427 13 104
6320 34 75
3015 22 257
7694 67 130
490 63 120
2006 57 232
2090 99 75
9789 118 88
6693 52 181
6855 107 195
2687 26 40
6186 110 79
8340 40 273
5934 91 67
2986 86 183
7039 98 186
1223 52 5
2719 68 112
3710 103 271
2359 47 63
4408 2 84
5873 8 121
6281 14 77
8663 14 58
3288 78 187
6953 16 137
3697 4 220
3980 104 46
9501 112 279
3305 66 108
9849 23 224
4092 43 140
9997 55 41
1066 25 95
7393 46 114
7269 118 154
7537 73 233
9819 63 48
4307 10 23
6732 120 221
221 51 10
8363 108 109
2956 30 233
6342 122 215
9006 47 246
8304 101 237
300 46 87
8913 125 122
7146 90 58
7368 5 31
5771 19 44
7962 79 200
6837 94 72
6244 122 166
935 111 280
5715 41 65
2751 47 232
6995 101 228
5966 20 181
2176 48 75
551 90 213
709 121 138
9143 22 85
4098 93 246
2824 111 67
3770 26 182
3226 19 118
66 68 185
2138 85 95
3597 79 228
4720 116 176
8591 18 255
2951 86 249
266 48 247
7500 41 155
9800 51 72
1493 42 60
7395 98 209
3657 92 180
4809 78 3
8127 64 206
4273 8 204
3751 124 147
6558 63 143
7321 72 83
9468 31 110
6494 3 197
6537 92 262
3867 23 73
4781 40 8
5682 47 172
8489 34 111
5838 49 110
9634 9 2
9652 100 87
647 46 63
8701 64 31
7970 116 177
3578 99 124
4840 112 173
4099 47 43
9113 83 34
4506 19 268
9811 21 169
1857 20 141
8629 116 192
115 24 266
4801 90 207
4108 23 191
6542 35 42
9587 42 61
3359 102 237
9760 88 197
1698 48 188
6538 59 165
9373 23 37
8621 106 3
3677 62 90
4294 125 190
4190 71 231
9134 44 86
1287 45 11
9452 41 233
4524 83 207
3557 80 240
2181 113 32
8593 84 69
8819 11 53
3432 19 231
1323 6 95
7918 82 233
6733 51 29
2477 34 22
9781 15 102
6984 20 214
8554 112 21
6812 9 69
8403 63 159
9523 96 160
1155 36 101
1951 40 259
9311 125 261
7168 108 142
3130 10 189
1973 123 188
1021 115 159
2352 63 236
4400 88 230
7036 88 139
6798 27 15
5710 88 197
3052 76 8
4234 93 122
8076 122 6
2884 69 243
7107 54 256
3476 12 36
2172 55 127
5249 49 27
7130 120 149
743 25 196
4439 31 235
6967 41 14
8885 21 24
5086 52 168
3114 19 272
4504 23 238
7127 42 20
2204 21 85
1790 125 15
6980 38 42
4592 81 133
6220 23 110
106 93 118
4144 62 167
7398 98 12
8338 20 91
8027 83 214
2021 62 5
6346 74 56
6853 40 159
4575 36 42
4138 28 79
5402 105 83
322 14 238
780 106 263
5582 14 164
1195 79 134
8956 14 241
7564 94 133
9189 83 256
6060 85 75
1286 114 179
3684 105 36
9642 94 41
7556 63 155
2602 63 249
282 34 136
3829 68 114
3381 7 141
7576 58 164
850 54 215
291 104 60
405 67 113
1053 29 263
1682 121 39
7106 63 124
4836 19 265
3157 111 188
7163 53 138
7895 114 3
6412 48 42
4770 56 52
3071 68 225
1149 41 225
3469 11 38
8849 84 226
6307 115 156
2048 69 15
6277 117 33
3702 34 126
6958 52 23
2860 18 255
121 23 24
8315 119 156
357 62 265
1773 54 224
4202 79 221
2451 7 196
2267 91 235
3709 71 106
9440 34 201
7897 121 58
753 10 14
5735 41 181
2774 7 73
6259 110 36
2641 56 10
4274 107 204
9902 120 160
8684 4 175
6193 55 260
7191 67 189
5540 112 97
8550 29 42
2284 67 135
8200 65 181
639 80 34
7975 41 50
8278 59 216
9768 41 132
3482 2 80
3853 44 18
5188 3 190
6503 3 115
6879 22 99
913 48 141
5463 125 277
170 13 173
3162 61 103
3791 21 131
2825 28 164
3576 100 65
6773 65 180
8551 68 150
9253 118 174
4560 120 239
9079 50 34
6129 116 2
5074 89 277
3223 18 105
4264 101 104
8731 13 192
786 34 55
4896 108 176
2346 10 175
5186 48 144
6389 114 54
3899 50 265
2305 8 238
608 108 174
5468 56 209
3520 98 102
5148 49 35
3882 7 113
4164 48 249
2524 25 17
8056 79 105
1882 102 154
7705 15 42
9916 116 13
3883 43 102
828 88 2
9159 47 274
8940 37 71
7204 52 240
6405 26 30
5613 19 59
4050 84 116
4854 126 99
4415 4 197
9005 52 38
162 97 79
5421 76 16
1123 83 156
9255 65 45
8851 47 254
790 69 30
600 114 91
5368 30 197
9384 76 11
9088 121 68
4136 67 132
8488 117 93
7423 75 206
3651 108 225
1426 124 225
2142 19 236
9978 110 124
2872 84 173
8627 106 188
5034 114 266
8648 17 239
3576 116 238
8856 39 279
9485 56 130
2864 97 170
3546 103 10
376 35 100
3253 50 153
1008 79 240
9531 126 191
1997 4 87
9058 19 212
1474 21 170
8674 29 99
3179 83 232
9119 39 209
4708 50 54
7720 27 56
8998 57 34
4295 76 147
6717 7 224
6721 25 60
8595 23 91
2318 125 11
9081 108 187
7106 32 51
2801 113 242
9520 107 242
8001 3 47
2152 16 74
6572 115 95
9616 123 135
5564 7 246
369 68 169
5508 29 104
4895 77 234
5913 20 116
4182 8 263
4394 21 11
5457 45 178
7203 75 196
3076 92 274
8271 125 95
2243 49 15
7060 68 114
5159 117 167
474 43 157
1488 74 173
8386 15 186
5927 11 49
3532 111 110
6439 111 110
1529 75 56
7741 56 89
7380 11 211
3212 97 206
9017 60 210
2613 15 122
7862 52 48
8402 36 127
2554 36 115
6964 106 18
3681 47 75
5696 9 181
1735 24 235
8379 116 11
8448 122 28
4042 2 146
5986 110 277
1117 11 117
408 62 194
4546 121 32
5398 63 188
1667 9 229
1184 74 181
3502 122 271
2455 85 272
3638 9 90
7454 44 110
8761 66 193
9611 95 243
8529 113 276
8881 59 239
2330 107 197
911 28 73
4186 91 229
2797 38 80
5952 98 134
1216 91 144
7373 116 68
7706 70 112
2663 108 73
1483 101 54
9439 36 187
5592 123 226
7916 13 16
8245 67 209
9397 2 6
4482 71 70
6560 21 160
1440 70 239
244 98 17
2600 93 247
7495 7 41
8214 14 21
7568 28 77
6804 62 47
2130 17 233
2223 41 79
4255 61 271
7291 7 198
1157 8 104
3308 122 249
6899 31 115
4925 12 230
6101 19 65
2777 120 206
6469 33 277
9201 108 211
1439 110 222
9882 11 260
7463 61 221
2839 120 39
4030 42 200
5801 40 208
187 64 125
8716 14 145
685 39 272
7655 72 182
6534 105 269
7674 104 160
6415 106 254
1953 16 107
6520 114 139
7082 63 133
9245 40 204
6528 14 153
2973 64 54
7312 2 24
3720 75 85
614 51 7
5985 56 206
3940 88 77
5573 66 146
3528 91 79
4545 111 45
4491 25 40
1036 6 216
9078 61 217
1150 65 227
8532 121 231
9004 51 225
9454 43 190
2027 74 237
5051 27 78
6068 123 211
9686 59 5
3997 121 205
2634 2 168
4403 29 14
8432 12 191
1790 52 99
3578 58 161
6301 11 146
6951 126 167
2434 39 10
337 55 140
6009 89 257
856 111 116
3870 67 16
4277 24 207
7900 109 84
420 41 84
9614 3 64
2544 121 84
6050 31 230
9921 108 151
8394 37 136
1202 122 237
7728 46 10
963 103 143
5177 18 40
7752 110 197
3052 78 14
6470 86 184
5892 95 233
8197 82 29
5570 39 93
227 116 111
4090 9 233
1994 93 102
6672 78 177
275 96 77
9047 103 128
9751 118 224
8668 52 156
2235 92 218
1787 123 58
6345 7 39
5623 106 253
970 66 63
8143 19 156
6710 63 266
6392 65 220
6692 108 148
8101 116 278
5710 27 239
455 115 182
8970 76 154
4610 59 2
9369 76 167
1260 61 152
2321 108 20
5300 76 210
8945 39 256
1747 83 252
1891 106 138
6058 100 248
9110 66 140
2633 106 246
7808 33 85
6569 63 133
1783 121 14
7950 39 151
952 33 77
2598 27 250
9396 23 6
1541 77 179
2705 24 43
3072 10 64
4385 99 10
7019 2 99
3107 31 92
2625 93 31
818 83 125
2458 36 25
8490 38 37
3556 56 39
3871 106 62
3289 52 227
9466 113 100
2045 17 258
1662 88 7
7395 103 13
2338 76 261
2404 19 143
6856 24 262
2790 4 214
2343 50 267
4123 76 251
3527 103 25
3278 126 205
3662 84 86
705 33 84
2861 123 279
1556 4 280
4460 31 64
414 120 8
7756 55 81
7286 94 171
1439 39 38
771 68 162
4932 109 173
1847 24 237
6809 97 216
7876 121 114
5400 109 120
2274 79 163
5765 45 80
4540 23 112
4211 42 231
4031 114 82
4065 30 187
3487 77 2
6353 5 176
253 89 68
3218 104 85
3102 55 255
294 117 16
9764 21 226
9750 62 24
435 3 86
5988 13 171
209 103 92
6466 91 251
3044 61 61
3341 27 254
5886 45 123
3880 93 50
7581 84 89
249 112 176
308 56 134
9915 1 176
149 74 28
8532 90 137
4311 39 92
9113 18 38
509 66 165
9581 23 52
9579 32 124
6042 100 114
2174 51 256
7256 28 225
5349 52 177
6927 50 268
2032 51 158
1152 7 259
6770 87 12
6326 14 183
4344 69 38
9523 82 119
3852 50 149
7705 124 273
2436 93 15
5270 89 155
2099 2 173
3841 95 9
8707 71 275
8051 63 220
3934 52 87
57 41 31
1873 43 277
4508 62 205
6860 113 87
1249 118 27
5736 17 62
5103 30 114
1146 56 40
6036 108 125
7128 14 227
8253 29 4
1744 25 208
8804 110 195
6202 105 89
6646 23 192
291 20 167
9929 64 261
6121 123 149
8458 38 231
283 65 191
2077 112 6
8867 3 183
7470 48 38
3291 117 39
695 4 113
8665 75 110
9583 94 129
4848 102 246
6764 10 71