178 224
256
4466 139 220
2755 60 249
7440 189 65
9601 76 253
2479 53 33
8497 192 28
668 175 218
9248 137 122
4091 78 102
9263 46 137
6817 64 121
1735 163 115
7699 148 225
3144 35 206
3783 126 29
803 182 116
1241 76 2
2284 60 40
6721 85 147
5344 152 147
9846 52 222
2909 56 189
6167 119 179
4344 19 219
154 129 136
4192 105 218
9832 211 78
9434 37 92
6517 56 255
5122 189 29
1014 18 148
1541 209 31
9889 24 165
6215 141 18
9515 106 90
8799 69 146
1450 156 245
6063 134 201
6280 88 23
6813 139 172
7336 159 63
7588 177 266
4709 25 181
4038 167 247
7874 1 152
3563 12 102
776 25 31
4848 95 5
6245 41 220
1057 92 141
82 17 202
5953 85 174
9446 133 9
7101 115 29
5714 96 200
8085 123 20
459 181 84
6074 137 262
1507 62 222
6988 180 219
6263 11 177
4630 71 222
3368 102 89
1853 146 230
6076 123 215
1678 54 124
2391 119 47
3887 173 180
104 4 172
1717 133 199
5064 59 44
6427 204 100
2073 55 109
4015 38 197
1828 87 80
3365 178 244
8270 185 237
1365 54 237
1550 197 128
8658 75 239
7575 166 30
9723 55 142
5969 151 179
3798 136 81
4250 138 217
1523 141 28
1635 149 252
4782 104 161
1151 92 51
3742 141 169
2024 137 139
1477 123 41
7824 93 210
7024 55 26
1393 136 227
139 17 65
8971 52 133
7497 191 28
3874 183 128
8175 69 190
741 96 5
250 24 103
6559 25 57
9690 69 116
6719 78 49
7612 65 255
991 79 129
4009 28 148
6825 175 246
7906 38 110
498 5 214
7812 50 127
1370 13 127
6794 24 122
189 140 14
1833 129 244
3230 133 213
2110 157 115
986 16 88
6100 140 78
7841 111 224
9267 194 109
7268 158 113
5036 48 68
3701 30 133
942 134 225
1885 21 40
8225 40 268
9332 133 52
6563 188 166
9271 48 12
1391 191 108
8683 199 9
2027 58 26
4099 127 93
7108 73 220
5482 174 46
3794 86 22
5308 23 144
511 92 69
6554 156 59
9509 107 33
1121 22 248
1804 16 224
1359 36 182
3727 109 67
8340 188 258
4144 41 122
2049 140 108
7834 146 188
4018 11 60
2458 93 115
288 73 253
6398 187 51
551 93 177
3315 142 88
5623 92 242
8399 19 97
4600 101 85
830 135 224
8398 18 216
3264 125 151
8658 91 149
3441 125 205
3939 178 73
8204 80 79
1781 31 105
5603 89 134
8817 24 105
4757 37 2
1883 130 197
2990 172 164
6235 173 265
2019 103 40
313 106 53
1459 163 241
1092 204 81
4957 24 9
3373 14 261
3017 85 2
3990 211 135
8866 175 238
9010 190 136
7420 80 149
5646 142 166
1969 64 208
7631 118 2
6325 106 193
2531 72 98
9651 52 180
6231 135 88
2905 148 258
4131 196 68
4367 24 196
9228 16 103
2858 162 49
7491 91 171
3336 34 120
1426 24 138
9865 24 79
38 138 203
8830 180 183
365 22 266
4876 49 76
6779 88 118
4634 81 122
4975 105 27
9305 3 95
8678 204 118
4571 119 152
4341 97 245
6628 11 101
8200 63 79
9839 32 163
5583 197 24
338 149 128
5451 172 101
6699 101 158
3144 112 42
4812 18 85
6557 131 199
3750 6 164
9438 33 216
3519 143 38
6425 102 107
6534 69 35
8703 115 149
4679 132 243
7191 11 15
9581 192 249
1904 123 264
1435 118 101
8130 73 161
5294 66 132
5015 9 15
5888 196 238
2655 206 93
2769 167 174
2693 94 75
3124 8 29
9249 156 96
2206 161 67
6933 189 130
1713 162 156
2655 155 220
5446 146 183
3376 46 25
7479 132 29
5714 91 262
9405 25 193
6122 205 199
2872 197 238
2259 40 115
8030 72 216
8603 84 30
2275 188 178