642 493
512
27 169 286
9732 82 105
8479 116 297
5264 222 173
4190 115 253
4788 73 211
2915 530 358
9188 173 542
6801 643 18
352 135 147
4879 636 171
6642 617 314
8769 374 368
5673 219 355
1437 69 333
5199 635 204
3409 84 179
4617 468 287
4803 728 122
6087 255 540
2568 244 277
4742 669 370
5253 256 546
84 281 120
4905 188 457
125 430 250
237 415 157
9675 662 296
7021 18 172
3601 326 362
4347 164 14
1811 393 114
1622 285 358
2839 744 223
1556 426 114
1146 306 88
1433 92 4
1130 283 144
3028 207 301
7951 160 214
9516 149 231
8877 463 64
9827 601 65
4194 246 568
4608 753 437
2712 409 195
6708 460 363
3874 387 176
3062 366 561
731 88 39
5489 109 50
541 280 190
6057 673 499
2017 571 155
9596 115 437
9339 181 24
9476 69 442
908 495 195
3645 681 322
6456 355 487
7572 215 23
9932 152 413
3089 515 401
3171 601 148
5418 732 524
7765 138 326
9219 157 56
8961 418 95
7495 388 262
9264 684 325
2176 565 182
1093 714 468
1921 596 324
3309 157 151
8240 654 142
9861 148 183
5398 330 412
4819 145 141
167 373 263
4518 756 528
3848 621 575
4723 629 491
377 217 69
1079 379 110
2358 206 522
3839 676 224
2579 253 289
4557 764 477
5844 662 298
557 255 548
5775 290 121
3117 587 246
638 592 281
2129 374 561
211 749 247
64 183 128
739 552 422
7406 312 407
406 479 399
4828 2 290
4244 104 559
4811 290 476
6661 302 320
1144 695 529
9532 246 339
7986 639 470
6248 615 302
8296 240 474
3554 75 347
843 469 428
9797 437 78
280 548 480
3169 325 585
3927 237 5
2322 129 45
443 406 127
440 341 183
4319 341 90
1986 400 557
3006 550 143
5123 12 497
5555 252 155
1636 226 489
7313 679 127
5296 284 84
3082 72 520
1608 166 38
9659 226 569
1820 329 218
6053 720 502
6512 747 388
5870 615 374
9618 763 260
9951 359 71
407 437 541
294 218 531
5298 129 70
2881 393 137
8138 128 53
4192 53 538
4577 1 236
4968 473 152
3624 520 453
225 752 185
6782 448 291
6278 215 268
8887 721 101
3417 34 449
6603 76 107
5230 118 27
8658 266 209
1631 567 537
5161 576 369
2760 193 138
7716 59 358
8942 48 168
2298 38 473
3610 678 460
1261 252 570
968 17 142
5580 252 300
3420 131 180
37 543 7
3621 532 313
6641 711 433
707 69 31
3058 474 166
8177 374 585
7845 479 122
4536 186 314
3761 392 35
1620 630 179
1400 112 539
7632 234 485
6280 128 471
1340 333 145
5142 285 173
4091 51 413
397 372 528
8799 10 163
5460 53 222
236 141 196
9480 218 465
3015 600 22
1787 300 153
6852 597 535
1071 97 511
822 325 97
1668 237 343
34 763 214
6097 390 226
4818 566 514
7280 554 89
4484 674 376
3651 300 540
1760 356 519
1142 519 38
1341 589 94
8703 175 128
4399 694 179
9277 512 154
3983 86 211
4763 319 335
5720 643 563
719 269 169
723 567 3
9019 314 425
1840 13 421
2362 260 18
9129 79 156
8872 656 119
1469 513 431
7628 599 221
7237 75 84
4181 748 431
6361 276 137
962 145 134
5072 445 547
7859 661 529
6727 531 355
4921 446 126
8549 590 564
351 421 191
408 270 438
7608 302 349
4810 328 268
4717 134 140
3388 385 489
876 592 355
7019 188 547
2249 477 147
6854 666 388
1052 396 169
9348 647 419
8824 249 302
1432 439 335
7491 510 262
2271 291 54
2371 384 12
7729 311 154
9446 526 489
6119 136 585
8772 663 340
7634 146 501
6177 672 351
1570 47 111
925 67 493
5057 180 493
7049 455 182
1067 1 549
5947 712 30
8789 238 139
1613 566 466
2068 604 432
5947 402 303
961 319 294
6523 643 556
8149 205 439
5488 320 147
4463 595 171
3107 444 20
9178 411 342
6195 216 65
217 227 245
3931 340 590
6425 603 469
5049 701 436
9360 380 448
9642 232 476
9375 578 456
1896 229 286
7801 61 586
7174 114 46
3676 316 139
3764 294 487
8185 731 357
3722 473 182
2106 368 225
6456 473 201
3511 371 339
6542 618 150
9195 480 166
5259 139 164
449 508 302
6649 85 448
8939 82 550
5905 305 360
96 393 583
1143 183 292
7674 239 104
3019 256 65
8997 519 583
889 625 404
3316 768 548
5938 481 467
3781 34 236
1279 361 474
4255 600 191
9285 598 122
586 346 239
9223 224 458
1704 304 206
8398 582 234
5372 637 420
1387 126 565
1679 386 83
5933 73 387
8690 358 536
637 367 387
6889 431 491
7178 305 233
540 476 371
9306 735 501
4056 12 202
7123 123 109
7125 287 179
6635 72 591
3520 172 468
838 350 33
5600 249 49
7275 615 176
617 347 65
5337 569 344
5493 314 154
1756 246 209
3910 315 259
6328 497 240
2182 536 48
2576 155 83
6851 132 455
3788 665 432
4958 603 564
2612 390 487
7733 304 16
218 137 166
5810 402 333
7853 91 99
9887 464 491
6592 393 505
5900 407 270
3576 385 470
6133 473 238
9142 288 344
6602 179 13
9138 100 365
8085 122 355
7862 539 143
2339 388 186
9428 265 297
3938 411 124
5438 418 88
801 390 219
3 229 80
5420 97 35
5763 436 577
7258 102 528
4549 671 137
3083 302 281
3371 623 451
7053 301 407
3284 387 297
7187 119 190
1895 317 382
5067 104 413
6447 48 325
5604 667 519
7765 566 117
4272 196 267
6196 192 572
2150 181 456
5360 698 552
2236 65 569
5050 204 293
2591 310 323
2516 619 421
7694 327 102
5935 763 335
4969 270 528
7533 116 406
9360 514 269
7797 554 507
8683 292 172
4833 342 447
8644 460 455
735 82 472
9055 52 9
7777 304 297
9355 203 501
8780 537 467
8511 768 446
4455 657 204
2714 443 435
6732 684 389
9667 238 283
2069 353 182
7449 97 88
2983 582 263
4462 106 22
2915 16 248
8125 142 94
5059 465 286
1707 536 543
3154 21 77
7066 464 165
4739 456 535
4576 435 523
224 186 180
8794 761 321
4878 287 151
7869 516 268
2126 69 198
8020 239 1
9209 420 232
3895 362 402
4256 239 185
4162 547 263
9670 17 323
2969 568 520
9174 610 134
4573 432 464
9451 716 251
447 191 450
7145 703 124
9870 111 447
3095 318 403
9305 115 135
1531 629 34
8695 158 404
7803 380 206
589 188 418
5392 707 179
8665 382 143
8866 722 18
3314 322 150
7901 731 314
5001 652 62
6001 357 189
1562 660 101
7740 107 482
3950 236 178
9441 134 195
3184 284 26
9238 261 49
5802 421 206
5903 276 158
9461 197 581
6641 572 560
5466 101 54
9825 738 380
2877 700 582
3804 755 282
3344 526 209
3637 709 310
8771 150 383
8354 667 405
4255 515 477
8214 540 373
1706 157 139
7179 116 87
1042 516 72
378 718 539
2652 552 356
9517 141 381
8471 344 195
345 386 383
3745 606 264
6311 642 313
4149 254 85
402 432 273
1365 582 49
2176 60 81
2458 148 301
3984 110 170
6847 489 302
1518 335 496
8776 595 591
2477 711 223
3959 687 438
7711 758 339
8115 134 172
8343 70 118
9093 561 17
8340 575 323
8124 558 469
2743 202 447
6940 452 207
4754 380 41
8046 386 287
1196 416 192
9280 520 427
6019 655 117
2847 450 131
8516 143 307
865 315 304
7042 577 474
3191 104 570
4797 373 365
9681 98 478
8161 312 263
7094 293 71
556 517 144
2239 155 358
4991 565 421
7977 323 484
6937 317 316
9392 608 77
6077 360 401
8442 663 558
5951 658 484
7041 431 557
133 621 490
1156 742 264